101
102
103
104
105
106
107
108
109
110
111
112
113
114
115
116
117
118
119
120
121
122
123
201
202
203
204
205
206
207
208
209
210
211
212
213
214
215
216
301
302
303
304
305
306
307
308
401
402
403
404
405
406
407
408
409
410
411
412
413
414
415
416
417
501
502
503
504
505
506
507
601
602
603
604
605
606
607
608
609
610
611
612
613
614
615
616
617
618
619
620
621
622
701
702
703
704
705
706
707
801
802
803
804
805
806
901
902
903
904
101	102	200	500	200
102	103	300	400	300
103	104	500	600	1000
104	105	340	200	500
105	106	450	600	150
106	107	120	200	320
107	108	650	700	400
108	109	200	350	800
109	110	430	250	900
110	111	120	650	500
111	112	890	400	1000
112	113	800	500	2000
113	114	700	500	500
114	115	540	400	220
115	116	330	600	230
116	117	280	200	300
117	118	800	600	500
118	119	1000 200 480
119	120	2000 700 500
120	121	700	350	400
121	122	650	250	900
122	123	440	650	300
123	101	200	400	480
101	201	300	500	1000
201	202	500	500	250
202	203	340	400	480
203	204	450	600	400
204	205	120	200	250
205	206	650	600	500
206	207	200	200	320
207	208	430	700	250
208	209	120	350	300
209	210	890	250	150
210	211	800	650	900
211	212	700	400	320
212	213	540	500	150
213	214	330	500	500
214	215	280	400	210
215	216	800	600	150
216	217	1000 200 500
207	301	2000 600 300
301	302	700	200	300
302	303	650	700	480
303	304	440	350	400
304	123	200	250	250
123	305	300	650	300
305	306	500	400	250
306	307	340	500	900
307	308	450	500	480
308	107	120	400	400
104	401	650	600	1000
401	307	200	200	150
307	402	430	600	300
402	403	120	200	210
403	404	890	700	320
404	405	800	350	210
405	406	700	250	500
406	407	540	650	300
407	115	330	400	320
115	408	280	500	480
408	409	800	340	300
409	410	1000 500 480
410	411	2000 400 300
411	412	700	600	900
412	413	650	200	400
413	414	440	600	430
414	415	200	200	150
415	416	300	700	1000
416	417	500	350	500
417	216	340	250	900
209	501	450	650	320
501	502	120	400	320
502	503	650	500	430
503	504	200	500	210
504	122	430	400	320
122	505	120	600	480
505	506	890	200	300
506	403	800	600	320
403	507	700	200	300
507	109	540	700	1000
601	602	330	350	150
602	121	280	250	700
121	603	800	650	500
603	604	1000 400 300
604	605	2000 200 430
605	606	700	300	480
606	116	650	400	320
116	607	440	200	250
607	608	200	600	500
608	609	300	200	700
609	412	500	700	320
412	610	340	350	1000
610	611	450	250	700
611	612	120	650	700
612	613	650	400	150
613	614	200	200	430
614	615	430	300	500
615	616	120	400	700
616	417	890	200	480
417	617	800	600	320
617	618	700	200	300
618	619	540	700	250
619	620	330	350	700
620	621	280	250	320
621	622	800	650	480
622	601	1000 400 150
202	303	2000 200 1000
303	503	700	300	700
503	601	650	400	500
601	701	440	200	430
701	702	200	600	150
702	703	300	200	600
703	704	500	700	700
704	705	340	350	250
705	706	450	250	600
706	416	120	650	300
416	707	650	400	430
707	614	200	200	480
113	801	430	300	600
801	802	120	400	1000
802	803	890	200	700
803	409	800	600	600
409	608	700	200	500
608	804	540	700	700
804	805	330	350	150
805	806	280	250	210
806	705	800	650	600
705	618	1000 400 250
618	214	2000 200 700
112	901	700	300	600
901	406	650	400	300
406	605	440	200	210
605	902	280	600	480
902	119	800	200	430
119	903	1000 700 1000
903	702	2000 350 150
702	904	700	250	500
904	621	650	650	250
621	211	440	400	300
