101
102
103
104
105
106
107
108
109
110
111
112
113
114
115
116
117
118
119
120
121
122
123
201
202
203
204
205
206
207
208
209
210
211
212
213
214
215
216
301
302
303
304
305
306
307
308
401
402
403
404
405
406
407
408
409
410
411
412
413
414
415
416
417
501
502
503
504
505
506
507
601
602
603
604
605
606
607
608
609
610
611
612
613
614
615
616
617
618
619
620
621
622
701
702
703
704
705
706
707
801
802
803
804
805
806
901
902
903
904
101	102	500	200	200
102	103	400	300	300
103	104	600	1000 500
104	105	200	500	340
105	106	600	150	450
106	107	200	320	120
107	108	700	400	650
108	109	350	800	200
109	110	250	900	430
110	111	650	500	120
111	112	400	1000 890
112	113	500	2000 800
113	114	500	500	700
114	115	400	220	540
115	116	600	230	330
116	117	200	300	280
117	118	600	500	800
118	119	200	480	1000
119	120	700	500	2000
120	121	350	400	700
121	122	250	900	650
122	123	650	300	440
123	101	400	480	200
101	201	500	1000 300
201	202	500	250	500
202	203	400	480	340
203	204	600	400	450
204	205	200	250	120
205	206	600	500	650
206	207	200	320	200
207	208	700	250	430
208	209	350	300	120
209	210	250	150	890
210	211	650	900	800
211	212	400	320	700
212	213	500	150	540
213	214	500	500	330
214	215	400	210	280
215	216	600	150	800
216	217	200	500	1000
207	301	600	300	2000
301	302	200	300	700
302	303	700	480	650
303	304	350	400	440
304	123	250	250	200
123	305	650	300	300
305	306	400	250	500
306	307	500	900	340
307	308	500	480	450
308	107	400	400	120
104	401	600	1000 650
401	307	200	150	200
307	402	600	300	430
402	403	200	210	120
403	404	700	320	890
404	405	350	210	800
405	406	250	500	700
406	407	650	300	540
407	115	400	320	330
115	408	500	480	280
408	409	340	300	800
409	410	500	480	1000
410	411	400	300	2000
411	412	600	900	700
412	413	200	400	650
413	414	600	430	440
414	415	200	150	200
415	416	700	1000 300
416	417	350	500	500
417	216	250	900	340
209	501	650	320	450
501	502	400	320	120
502	503	500	430	650
503	504	500	210	200
504	122	400	320	430
122	505	600	480	120
505	506	200	300	890
506	403	600	320	800
403	507	200	300	700
507	109	700	1000 540
601	602	350	150	330
602	121	250	700	280
121	603	650	500	800
603	604	400	300	1000
604	605	200	430	2000
605	606	300	480	700
606	116	400	320	650
116	607	200	250	440
607	608	600	500	200
608	609	200	700	300
609	412	700	320	500
412	610	350	1000 340
610	611	250	700	450
611	612	650	700	120
612	613	400	150	650
613	614	200	430	200
614	615	300	500	430
615	616	400	700	120
616	417	200	480	890
417	617	600	320	800
617	618	200	300	700
618	619	700	250	540
619	620	350	700	330
620	621	250	320	280
621	622	650	480	800
622	601	400	150	1000
202	303	200	1000 2000
303	503	300	700	700
503	601	400	500	650
601	701	200	430	440
701	702	600	150	200
702	703	200	600	300
703	704	700	700	500
704	705	350	250	340
705	706	250	600	450
706	416	650	300	120
416	707	400	430	650
707	614	200	480	200
113	801	300	600	430
801	802	400	1000 120
802	803	200	700	890
803	409	600	600	800
409	608	200	500	700
608	804	700	700	540
804	805	350	150	330
805	806	250	210	280
806	705	650	600	800
705	618	400	250	1000
618	214	200	700	2000
112	901	300	600	700
901	406	400	300	650
406	605	200	210	440
605	902	600	480	280
902	119	200	430	800
119	903	700	1000 1000
903	702	350	150	2000
702	904	250	500	700
904	621	650	250	650
621	211	400	300	440
